cam_model: Pinhole
cam_width: 640
cam_height: 480
cam_fx: 598.1217296779856
cam_fy: 595.7181023016226
cam_cx: 310.85972661291913
cam_cy: 241.8023689865401
cam_d0: -9.2615504465028850e-02
cam_d1: 1.8082438825995681e-01
cam_d2: 6.5484100374765971e-04
cam_d3: 3.5829351558557421e-04

