%YAML:1.0
---
K: !!opencv-matrix
   rows: 3
   cols: 3
   dt: d
   data: [ 5.9778919413469134e+02, 0., 3.2893543056979632e+02, 0.,
       6.0031367126366081e+02, 2.4530312117189993e+02, 0., 0., 1. ]
D: !!opencv-matrix
   rows: 1
   cols: 5
   dt: d
   data: [ 7.2697873963251586e-02, -1.4749282442847444e-01,
       -2.3233094539353212e-03, 8.9165121414591982e-03,
       -2.6332902664556002e-01 ]
