%YAML:1.0
---
K: !!opencv-matrix
   rows: 3
   cols: 3
   dt: d
   data: [ 1.4134702038629678e+03, 0., 6.7342836691438674e+02, 0.,
       1.4235239712132613e+03, 3.4939651343710443e+02, 0., 0., 1. ]
D: !!opencv-matrix
   rows: 1
   cols: 5
   dt: d
   data: [ -4.2366908523415035e-02, 3.0023415118115071e-01,
       8.0697142624817884e-03, 3.0025820248386417e-03,
       -1.1052702451276371e+00 ]
