%YAML:1.0
---
K: !!opencv-matrix
   rows: 3
   cols: 3
   dt: d
   data: [ 1.0358690708508720e+03, 0., 6.2303526202812156e+02, 0.,
       1.0406283778149079e+03, 3.6799830251331576e+02, 0., 0., 1. ]
D: !!opencv-matrix
   rows: 1
   cols: 5
   dt: d
   data: [ 1.2705130217414065e-01, -5.6769826440932669e-01,
       4.2543618763464961e-03, -4.4176699135159278e-03,
       7.8079834234396139e-01 ]
